100
100 1
100
10 3
20 3 15
107131 1
392199
979185 5
107090 324122 903965 625800 819645
26195 3
775166 74517 80873
580687 4
122104 591976 373653 986433
816431 5
869670 564044 419899 383735 100661
445001 5
912387 975464 525396 296122 845133
7 5
180 182 342 296 801
930597 5
559245 637638 377743 156638 2632
1 5
4 4 4 4 5
45605 1
932815
1 5
1 1 1 1 1
11 5
5 5 5 5 10
1000000 5
249737 633467 141571 553809 680212
862468 5
912635 337296 232558 318809 376490
1000000 5
1 1 1 1 1
42903 3
99276 642562 550562
2 5
1 1 1 1 1
523201 2
849781 163579
404398 5
503414 719341 858931 174683 945418
398638 5
532025 337239 54679 697005 577413
709335 5
87461 714437 464067 928360 886245
973326 1
642682
1000000 5
1000000 1000000 1000000 1000000 1000000
1000000 5
945294 913134 16882 91314 723087
1000000 1
1000000
1 5
1 2 1 1 2
594601 1
388022
8 5
1 1 2 3 2
609554 4
571489 821875 406381 80088
126249 2
505386 361009
321992 5
204820 284918 313422 44258 3083
1000000 5
355671 449248 876823 498802 239549
809243 1
337022
570785 4
370091 889823 39195 79944
321636 4
376845 567503 453790 832400
443280 5
474057 548799 231138 857606 486420
430109 4
28166 112150 913033 173561
857542 5
644805 61431 111463 879611 801611
1814 5
48945 168407 291167 300935 796828
893191 5
856586 406803 473877 495041 515130
624362 5
64509 232226 396089 604185 735286
1000000 5
939566 289208 479116 128565 90187
614084 2
831630 748066
516536 5
449174 416929 414076 253921 131619
253601 4
240370 332854 627558 243142
87897 1
536121
10 5
5 5 5 5 10
1000000 5
577616 231669 107480 450996 629813
621945 5
255858 11894 366994 262396 286317
3 3
1 1 100
258425 5
231591 735046 352726 124781 107984
852126 5
906120 717009 696253 475588 246355
914923 2
529435 635607
481473 4
982144 520699 525401 215883
571431 5
126938 301494 22437 356751 325856
711850 2
859443 236846
115009 5
603024 791009 962537 600849 773152
216230 1
537518
2 4
2 2 2 6
8 5
15 342 251 26 631
248841 5
290262 337481 353916 476015 994753
1 5
86062 979823 331580 986709 396000
168281 2
270480 484058
7 5
349 60 439 211 73
304978 5
212995 73781 177271 93206 8685
36688 5
752976 671269 648833 454534 226078
422026 5
657249 26966 118278 826458 482878
6 5
2 4 2 3 2
2 5
2 1 2 6 8
220117 3
930795 81042 364995
3 4
2 2 2 3
408429 5
518711 495524 267259 77965 111151
10 5
12 68 80 79 69
1000000 1
999999
164981 4
723823 618577 765829 13326
540327 3
367711 854582 966365
11 5
10 5 5 5 5
992248 5
985065 841142 824716 662988 158898
8 5
1 2 2 2 1
132155 5
939203 407383 741708 27044 745609
188976 5
646392 999385 440614 679279 929813
229262 3
763123 276615 864330
966573 5
145396 626449 829040 58030 480097
941094 4
312646 142085 779544 691572
156819 3
527577 233740 324373
783732 3
507660 570667 274969
334905 5
77393 83568 242674 330770 909687
192941 5
296832 547251 999554 665310 780611
585720 1
238985
144879 5
781093 860053 947652 397494 322099
3 4
2 2 2 4
787859 3
383549 421270 656936
783167 3
24793 766726 651203
840452 5
161026 336888 255855 316927 102080
433882 2
286422 616402
1 5
1000000 1000000 1000000 1000000 1000000
958071 5
156366 238313 422710 723343 910931
2 5
137 232 162 14 192
