Case #1:
0.5 0 0
0 0.5 0
0 0 0.5
Case #2:
0.5 0 0
0 0.35386838169553 0.353238118605831
0 -0.353238118605831 0.35386838169553
Case #3:
0.5 0 0
0 0.497204860420228 0.0527951396863571
0 -0.0527951396863571 0.497204860420228
Case #4:
0.5 0 0
0 0.487082869399162 0.112917130400479
0 -0.112917130400479 0.487082869399162
Case #5:
0.5 0 0
0 0.464194109368375 0.185805890185703
0 -0.185805890185703 0.464194109368375
Case #6:
0.5 0 0
0 0.399999998580686 0.300000001892419
0 -0.300000001892419 0.399999998580686
Case #7:
0.497890957936098 0.0458758542751504 0
-0.0324391276506847 0.352062072648081 0.353553390593274
0.0324391276506847 -0.352062072648081 0.353553390593274
Case #8:
0.48767777624055 0.110319474985481 0
-0.0780076488591732 0.344840262613669 0.353553390593274
0.0780076488591732 -0.344840262613669 0.353553390593274
Case #9:
0.455970922545831 0.205159737260271 0
-0.145069841443188 0.322420131356043 0.353553390593274
0.145069841443188 -0.322420131356043 0.353553390593274
Case #10:
0.448967456150704 0.220064134555284 0
-0.15560884183999 0.317467932776237 0.353553390593274
0.15560884183999 -0.317467932776236 0.353553390593274
Case #11:
0.43940135142965 0.238592649429518 0
-0.168710480352877 0.310703675258439 0.353553390593274
0.168710480352877 -0.310703675258439 0.353553390593274
Case #12:
0.421808495116541 0.268472705218834 0
-0.189838870423735 0.298263647258999 0.353553390593274
0.189838870423735 -0.298263647258999 0.353553390593274
Case #13:
0.408527002785071 0.28828057165797 0
-0.203845147103685 0.28887221396714 0.353553390593274
0.203845147103685 -0.28887221396714 0.353553390593274
Case #14:
0.408253712562494 0.288667466436625 0
-0.204118723025278 0.288678968597523 0.353553390593274
0.204118723025278 -0.288678968597523 0.353553390593274
