30
6
5 2 4 6 3 1
6
2 4 8 16 32 64
3
1 1 1
3
200000 200000 200000
200
5304 1776 660 4644 2604 2532 4260 13702 4588 1705 11997 6727 6541 11005 186524 62456 23210 163314 91574 89042 149810 80444 26936 10010 70434 39494 38402 64610 7956 2664 990 6966 3906 3798 6390 134810 45140 16775 118035 66185 64355 108275 4420 1480 550 3870 2170 2110 3550 12 31 422 182 18 305 10 442 148 55 387 217 211 355 14389 46764 36304 66105 121387 160892 78978 80273 13276 80315 118821 110812 5616 185600 59194 188004 97987 19982 158631 26146 123345 180322 121054 136354 108144 71649 199305 182608 114965 15883 186592 125989 184418 57715 89537 99583 183895 148338 17432 122042 162605 56984 69710 135666 174567 162557 72191 193738 90861 82497 194537 132690 148700 86114 78474 21375 159888 193725 193833 123604 148982 1908 176319 18411 116161 58844 183103 59240 158210 104443 143935 139536 58222 180834 177978 93925 62174 113527 130449 78944 33522 150340 410 64697 180707 137535 98775 134591 180192 21941 117110 147941 93727 137159 76006 111205 145035 39049 102776 101145 186314 133051 97590 155704 42089 156006 147984 105935 57853 105852 812 120570 40275 126586 138886 144818 177260 43717 170676 138055 132216 67856 7694 71105 52006 178406 50639 103370 9987 62305 81105 105071 129458 111189 190531 73746 84242
200
146507 109372 103446 111660 127989 108817 162158 147782 101636 19688 40425 165698 120523 72416 6995 51260 51590 124272 136993 170099 60867 89764 19280 126080 95622 2996 121352 98498 182625 14080 107774 5490 82622 172368 97958 54566 140661 94530 130097 138789 43863 43313 142017 158062 131863 51562 155561 12000 132585 58813 25416 35512 60673 44684 178436 24150 168738 129246 45510 166098 53195 87440 187871 38241 147949 71488 141619 66047 32873 117398 6890 25867 151240 99749 189078 20184 136886 41881 162180 38735 146753 171167 148641 136885 87891 144182 110192 162534 19459 16520 123601 126711 102686 88766 34036 45718 79660 54626 119071 191821 115827 196883 9674 110168 99038 187281 113416 160256 59333 66497 190674 159528 198213 14798 19233 21402 16264 167793 23152 112737 182192 19132 26588 197629 146609 75749 93234 78201 25560 173507 86293 180652 79711 8779 150900 121012 92487 43237 41898 18415 194013 190121 113727 84961 54266 74596 183647 193374 74771 165210 79205 23735 126411 11554 49628 199920 1854 19061 116978 60765 127137 20707 1309 28774 35132 199954 136418 86920 49144 90437 169747 139802 120764 40475 75405 87629 11292 131588 90183 20251 151989 169456 173844 112968 42926 91838 71640 84569 80957 198547 130894 138462 97595 9247 193414 36779 77852 26760 97361 48648
200
200000 200000 200000 200000 200000 200000 200000 200000 200000 200000 200000 200000 200000 200000 200000 200000 200000 200000 200000 200000 200000 200000 200000 200000 200000 200000 200000 200000 200000 200000 200000 200000 200000 200000 200000 200000 200000 200000 200000 200000 200000 200000 200000 200000 200000 200000 200000 200000 200000 200000 200000 200000 200000 200000 200000 200000 200000 200000 200000 200000 200000 200000 200000 200000 200000 200000 200000 200000 200000 200000 200000 200000 200000 200000 200000 200000 200000 200000 200000 200000 200000 200000 200000 200000 200000 200000 200000 200000 200000 200000 200000 200000 200000 200000 200000 200000 200000 200000 200000 200000 200000 200000 200000 200000 200000 200000 200000 200000 200000 200000 200000 200000 200000 200000 200000 200000 200000 200000 200000 200000 200000 200000 200000 200000 200000 200000 200000 200000 200000 200000 200000 200000 200000 200000 200000 200000 200000 200000 200000 200000 200000 200000 200000 200000 200000 200000 200000 200000 200000 200000 200000 200000 200000 200000 200000 200000 200000 200000 200000 200000 200000 200000 200000 200000 200000 200000 200000 200000 200000 200000 200000 200000 200000 200000 200000 200000 200000 200000 200000 200000 200000 200000 200000 200000 200000 200000 200000 200000 200000 200000 200000 200000 200000 200000 200000 200000 200000 200000 200000 200000
200
72762 22944 139399 92853 4840 57643 65231 6892 110876 132932 186669 140613 171433 177249 47415 191724 171991 160834 47401 144606 183069 177932 165878 68033 24050 83837 147398 81138 146180 56183 40360 78930 60 106880 171931 90811 3581 153163 173686 82973 84140 128650 105158 146873 97601 195702 47053 43639 98441 115965 162722 75571 25732 180984 93204 88229 192772 156114 109499 104419 151080 86060 75398 16670 105584 109369 165032 198358 34541 14685 66470 175431 9241 69953 31311 111900 66918 136148 37581 1364 136524 106092 185930 94005 182094 117386 65154 155126 98246 71223 143307 117460 89747 197442 40653 9229 168066 131098 32244 91716 193189 121105 62132 14190 45005 7858 159116 153612 65432 126376 155697 5524 31524 166974 129106 169825 110940 41163 131562 150501 125766 111702 117408 83938 110688 148340 191301 49697 53513 160812 48500 170045 154198 969 39704 189269 50188 143648 53562 25877 84096 87942 92956 23998 97810 80102 187012 63004 111197 146118 112530 58445 146889 11273 123208 89475 1054 26102 22320 38030 184703 25188 119094 99863 85171 64477 37399 125890 184784 142912 7087 54462 709 130130 50153 133773 9783 125055 6687 197684 48542 149114 195996 102286 32582 139302 44797 160926 190585 177022 192877 13074 129109 156729 198132 131319 63121 134128 177338 199592
200
29232 11484 7134 38106 46806 64380 45936 8874 53940 62988 40020 49590 66864 26268 16318 87162 107062 147260 105072 20298 123380 144076 91540 113430 15960 6270 3895 20805 25555 35150 25080 4845 29450 34390 21850 27075 55608 21846 13571 72489 89039 122470 87384 16881 102610 119822 76130 94335 31920 12540 7790 41610 51110 70300 50160 9690 58900 68780 43700 54150 53424 20988 13038 69642 85542 117660 83952 16218 98580 115116 73140 90630 24696 9702 6027 32193 39543 54390 38808 7497 45570 53214 33810 41895 26880 10560 6560 35040 43040 59200 42240 8160 49600 57920 36800 45600 1344 528 328 1752 2152 2960 2112 408 2480 2896 1840 2280 57288 22506 13981 74679 91729 126170 90024 17391 105710 123442 78430 97185 65688 25806 16031 85629 105179 144670 103224 19941 121210 141542 89930 111435 49896 19602 12177 65043 79893 109890 78408 15147 92070 107514 68310 84645 174 398 95 331 190 318 147 160 8 341 391 297 168 66 41 219 269 370 264 51 310 362 230 285 185533 186502 191677 35524 184779 161270 26705 184097 16947 74476 97985 87992 140679 178702 178477 161305 16718 158854 50098 5880 71453 168154 182838 153968 18312 89247 31719 44002 5398 6247 189492 159985
3
65537 65537 131073
200
0 0 1 1 1 1 0 0 0 1 1 1 0 0 1 0 0 1 0 1 1 0 0 1 0 1 0 0 0 0 1 0 0 1 0 1 1 1 1 0 0 0 1 0 1 0 0 1 1 0 0 1 0 1 1 0 1 0 1 1 1 1 0 1 1 0 1 1 1 1 0 1 0 0 1 1 1 1 0 0 0 1 0 1 1 1 0 1 1 1 1 0 1 0 0 1 1 0 1 1 1 1 0 0 0 0 1 1 1 0 0 0 0 1 1 1 0 1 0 0 0 1 1 1 0 0 0 1 0 1 0 0 0 1 1 0 0 0 1 1 0 0 1 1 0 1 1 0 1 1 1 1 1 1 0 0 1 1 1 0 1 0 1 0 1 0 0 0 0 0 0 0 1 1 1 0 1 0 0 1 0 1 0 1 0 0 0 0 1 1 0 0 1 0 1 1 0 1 0 0
200
13296 9984 864 19488 10176 9888 9792 105537 79248 6858 154686 80772 78486 77724 80884 60736 5256 118552 61904 60152 59568 121326 91104 7884 177828 92856 90228 89352 105814 79456 6876 155092 80984 78692 77928 84762 63648 5508 124236 64872 63036 62424 84485 63440 5490 123830 64660 62830 62220 48 381 292 438 382 306 305 277 208 18 406 212 206 204 42670 61723 63182 2839 44842 148400 146916 48517 129523 163433 64783 89812 8129 113708 120386 62950 186959 167783 54674 65257 86847 10820 15691 154755 175141 57583 25921 27503 26740 140469 84278 188699 139686 68485 35686 116387 180838 175472 194928 29317 51537 90365 115010 79564 152777 32607 24358 68852 72035 157238 40247 140230 93003 128082 94136 89468 71000 158251 179099 57327 167022 62712 62323 25384 136379 75233 129880 15210 199627 72027 156669 142773 180275 126206 113850 107370 7859 15966 158689 124210 97538 19683 122562 172359 13571 6337 134803 1537 2370 172012 43224 147029 143235 23237 132917 82709 133799 60297 77151 94078 39851 184177 107283 38548 53514 129216 107219 8675 182757 77264 49981 50370 118631 72423 136864 154304 157612 9636 178708 67765 35251 145489 184026 56237 20211 158516 117261 61997 107731 128638 198042 95005 54452 170238 80102 106821 158939
200
1 1 1 1 1 1 1 1 1 1 1 1 1 1 1 1 1 1 1 1 1 1 1 1 1 1 1 1 1 1 1 1 1 1 1 1 1 1 1 1 1 1 1 1 1 1 1 1 1 1 1 1 1 1 1 1 1 1 1 1 1 1 1 1 1 1 1 1 1 1 1 1 1 1 1 1 1 1 1 1 1 1 1 1 1 1 1 1 1 1 1 1 1 1 1 1 1 1 1 1 1 1 1 1 1 1 1 1 1 1 1 1 1 1 1 1 1 1 1 1 1 1 1 1 1 1 1 1 1 1 1 1 1 1 1 1 1 1 1 1 1 1 1 1 1 1 1 1 1 1 1 1 1 1 1 1 1 1 1 1 1 1 1 1 1 1 1 1 1 1 1 1 1 1 1 1 1 1 1 1 1 1 1 1 1 1 1 1 1 1 1 1 1 1 1 1 1 1 1 1
200
174241 63137 182203 182066 31682 136585 161935 91590 38136 169686 6449 44766 121102 195842 91124 148583 196352 87554 78042 127316 178097 191106 35491 92979 176215 40147 131854 20571 194530 38840 186038 116493 166062 180453 35208 134032 9096 13166 164804 79206 151122 12045 88733 99614 80830 15949 101354 97170 40221 186318 83863 101517 7654 169517 83418 64749 5364 55118 127260 126274 99777 24176 1591 44057 198845 192993 52417 178379 172497 45942 76918 56886 82391 74922 71508 19078 156709 90642 147544 69755 45897 12097 66702 55881 138939 108441 188005 70143 132314 101607 49920 177212 84202 143006 48752 74549 149690 140591 145010 183852 59227 122373 139809 64109 28843 34731 41020 140526 6062 104891 172843 187980 113965 124461 29050 7307 166270 164461 34898 181767 82249 112914 78029 15703 37758 168008 74708 137251 107260 38588 144845 110721 20574 58352 183267 189271 178406 118784 188074 180771 12857 155681 148819 110779 190185 180541 104115 175214 70140 57133 94216 29674 68896 112548 123717 54343 17502 169282 24810 82425 54361 23258 6207 186624 49645 63147 148863 19582 76311 194347 98474 75296 149095 7566 138064 194797 155129 191198 166171 80442 14621 4068 153469 56460 154476 169535 103488 184093 132780 100251 98895 90844 168720 116149 37172 2548 35022 168090 90620 86047
200
45406 50187 87523 81451 134257 99831 168299 116726 113392 117348 8137 106082 130166 152719 133951 129783 16928 190751 116108 108750 125617 80388 196077 93148 36369 48008 55279 92984 195351 36881 199092 67469 3618 144260 1861 156396 181350 166206 121726 190280 162906 11152 12414 146118 96877 83190 167487 111323 65217 63806 90717 37325 79155 99851 127471 175543 110883 189824 94504 65307 163541 79100 126550 156071 144645 54452 121628 29791 108444 128016 55443 31372 61339 166605 8207 156867 149187 69760 75886 30470 161713 28377 130894 75458 75909 59546 168782 133628 95822 135670 91758 142342 145 98712 62451 6915 41012 147598 90838 94906 127456 3125 196653 6306 29330 104274 167908 89970 138450 186072 28458 41572 115466 121511 55454 31277 112048 170444 44745 122850 162429 90818 55413 184108 185087 34102 86939 56711 70661 101566 94182 151646 153192 129350 28547 158397 69073 27213 143458 172144 76186 140277 191449 41143 62252 49998 129948 112650 69269 68270 161140 27492 132850 81558 114390 4471 72284 124936 64058 68160 176780 88449 145304 1845 15094 64850 97248 120205 88683 90830 32287 79574 164371 96152 61648 151551 185703 165813 98546 173768 60956 57278 97771 71397 161551 190916 106531 9556 159185 177858 124844 136984 61882 177130 62707 182349 155762 139528 41166 40865
200
1 0 1 0 1 0 1 1 0 1 0 0 0 1 1 0 0 0 1 1 1 0 1 1 1 1 1 0 0 1 0 1 0 0 1 0 0 1 1 1 1 0 0 1 0 0 0 0 1 1 0 1 0 0 0 1 0 0 0 1 1 0 0 1 0 1 0 1 1 1 1 1 1 0 1 1 0 0 0 1 0 0 0 1 1 1 1 1 0 1 0 0 0 0 0 1 1 1 1 0 0 0 0 0 1 0 1 0 0 0 1 1 1 1 0 1 0 0 1 1 0 0 1 1 1 0 0 0 0 0 1 1 0 1 1 0 1 0 1 0 1 0 1 0 1 0 0 0 1 0 0 0 1 1 0 1 0 0 0 0 1 0 1 1 0 0 1 0 0 0 1 1 1 1 0 0 0 0 1 1 0 1 1 1 1 0 0 1 0 1 1 1 1 0 1 1 1 1 1 1
200
12144 65136 12880 80960 156032 97520 129904 121072 88320 10362 55578 10990 69080 133136 83210 110842 103306 75360 14058 75402 14910 93720 180624 112890 150378 140154 102240 66 354 70 440 848 530 706 658 480 12936 69384 13720 86240 166208 103880 138376 128968 94080 1221 6549 1295 8140 15688 9805 13061 12173 8880 6864 36816 7280 45760 88192 55120 73424 68432 49920 6402 34338 6790 42680 82256 51410 68482 63826 46560 9042 48498 9590 60280 116176 72610 96722 90146 65760 368 314 426 2 392 37 208 194 274 33 177 35 220 424 265 353 329 240 22567 191411 194371 167459 76191 127642 62741 158738 84710 81684 5887 45199 7321 80346 183022 65112 66701 56461 31758 41203 172688 183581 716 86064 93092 121059 42195 124028 82165 142636 188074 69046 42448 143926 122962 133588 1119 179702 152467 140499 9706 141467 52725 183714 160877 43607 37624 42641 136415 131821 66980 120684 106919 136425 92867 156315 125119 5 80825 63733 86736 32741 178737 132949 185117 118091 21121 71648 80171 105283 128608 189401 82297 156343 169844 5769 45944 99123 25501 10943 127445 151838 169887 48264 24922 5945 12287 159874 107854 116872 36429 188884 166204 41791 111112 16930 66238 138924 38475 113442 168612
200
5575 53297 54412 93660 71137 75820 73590 49506 78273 24753 94106 51290 40363 475 4541 4636 7980 6061 6460 6270 4218 6669 2109 8018 4370 3439 8300 79348 81008 139440 105908 112880 109560 73704 116532 36852 140104 76360 60092 9200 87952 89792 154560 117392 125120 121440 81696 129168 40848 155296 84640 66608 1275 12189 12444 21420 16269 17340 16830 11322 17901 5661 21522 11730 9231 2925 27963 28548 49140 37323 39780 38610 25974 41067 12987 49374 26910 21177 1775 16969 17324 29820 22649 24140 23430 15762 24921 7881 29962 16330 12851 10575 101097 103212 177660 134937 143820 139590 93906 148473 46953 178506 97290 76563 4825 46127 47092 81060 61567 65620 63690 42846 67743 21423 81446 44390 34933 9250 88430 90280 155400 118030 125800 122100 82140 129870 41070 156140 85100 66970 2925 27963 28548 49140 37323 39780 38610 25974 41067 12987 49374 26910 21177 10275 98229 100284 172620 131109 139740 135630 91242 144261 45621 173442 94530 74391 3775 36089 36844 63420 48169 51340 49830 33522 53001 16761 63722 34730 27331 223 19 332 368 51 117 71 423 193 370 117 411 151 25 239 244 420 319 340 330 222 351 111 422 230 181 24374 109177 171724 17934 144445
200
58027 79389 87092 105178 53859 133796 53875 70551 72793 48073 110052 88072 152754 6072 165621 56646 188327 106002 138673 70791 37024 67366 56656 49165 21860 119345 195788 152729 125649 193710 41221 172372 78707 159798 132748 113736 188806 194738 141607 40979 77395 178930 7099 153012 54029 33170 135379 163621 58766 75902 97713 69126 146840 37039 184747 129236 31574 29720 56588 2826 199226 38725 17885 170255 161142 161285 148614 20745 177022 120766 141069 174217 48926 69340 192571 180839 157816 124169 172454 106093 76757 28933 180442 125253 110752 139060 89917 79342 176708 40150 44589 154551 125485 54262 59805 117297 5101 4557 151503 192899 164834 74762 107164 26351 70320 14859 165770 188078 35970 25908 134300 116332 27162 29573 78338 115242 168047 1648 156012 105338 180632 32856 140355 56037 104897 198664 60786 124091 138343 139522 133962 85646 83138 197429 106680 199263 15441 8343 156498 163344 23141 42259 181465 99749 82398 159730 23306 116847 91392 44559 171350 56204 120696 73477 118871 110789 127994 65788 20297 129140 119858 190872 135573 130757 4422 47360 177375 194157 47327 143389 12260 104646 7624 49494 46543 66261 65386 25487 109402 6528 139694 142721 94867 84558 168449 146709 175764 24165 72098 104286 85486 64683 130174 58431 14357 99706 160361 31006 97197 177972
200
25290 105656 45241 31753 66035 10678 82895 32596 33439 18546 23760 99264 42504 29832 62040 10032 77880 30624 31416 17424 32940 137616 58926 41358 86010 13908 107970 42456 43554 24156 6930 28952 12397 8701 18095 2926 22715 8932 9163 5082 16650 69560 29785 20905 43475 7030 54575 21460 22015 12210 38340 160176 68586 48138 100110 16188 125670 49416 50694 28116 28620 119568 51198 35934 74730 12084 93810 36888 37842 20988 39600 165440 70840 49720 103400 16720 129800 51040 52360 29040 450 1880 805 565 1175 190 1475 580 595 330 39150 163560 70035 49155 102225 16530 128325 50460 51765 28710 281 264 366 77 185 426 318 440 5 435 90 376 161 113 235 38 295 116 119 66 6026 179381 75245 75809 97559 28985 111819 147650 199832 56481 195315 136483 68178 94666 62718 16637 22928 13504 30758 77276 188728 117220 194903 150212 23528 25698 194444 100377 156080 43676 96158 82072 111501 149902 139164 59621 73224 772 113932 44018 195583 149289 185611 135281 109174 49446 45338 106354 8051 171139 167455 175253 144636 134595 151864 161006 5802 98297 168245 61308 50177 32228 48025 191617 117349 33195 107079 22183 167254 165080 106799 11266 140296 142887 177787 166595 118200 108251 103065 32361
200
14048 64094 88678 16682 120725 172966 77703 61460 98336 152772 62338 3968 18104 25048 4712 34100 48856 21948 17360 27776 43152 17608 4896 22338 30906 5814 42075 60282 27081 21420 34272 53244 21726 6400 29200 40400 7600 55000 78800 35400 28000 44800 69600 28400 3424 15622 21614 4066 29425 42158 18939 14980 23968 37236 15194 7648 34894 48278 9082 65725 94166 42303 33460 53536 83172 33938 13024 59422 82214 15466 111925 160358 72039 56980 91168 141636 57794 13824 63072 87264 16416 118800 170208 76464 60480 96768 150336 61344 12704 57962 80194 15086 109175 156418 70269 55580 88928 138156 56374 13056 59568 82416 15504 112200 160752 72216 57120 91392 141984 57936 2016 9198 12726 2394 17325 24822 11151 8820 14112 21924 8946 439 124 153 200 107 239 407 432 397 408 63 32 146 202 38 275 394 177 140 224 348 142 84496 180608 155184 62782 198819 139840 138088 25557 144317 27054 97530 79624 33 153955 179719 14976 27411 138030 26283 177867 62948 98560 116021 127735 52889 190676 78033 122965 188271 92901 137747 158489 146573 91856 162035 56406 150704 25969 113335 34080 142154 189689 150256 118866 134634 15936 142408 83995 86199 129267 159920 134773 188935 115755 23938 112452 21964
200
191943 11705 179686 184972 57708 172253 20490 176890 18288 171036 61605 99871 31440 31384 69432 19795 70415 35079 102159 102016 130636 78856 56550 95510 6930 12784 28796 97070 101695 62258 67368 115850 58471 128228 194038 163955 74762 127853 28278 45056 16830 44799 35689 81996 26786 66289 24650 93762 33419 190602 105253 106856 79255 119772 98255 176504 16609 105032 11273 178249 151495 36204 102283 52613 91104 16067 131248 181418 122249 33084 54774 38604 17498 157825 197555 89607 43549 101228 16508 133873 5990 57395 154697 111408 6838 32358 57163 29796 3326 133528 25894 142122 188455 125718 106285 153513 186179 138578 133597 132786 152059 109708 42461 170413 168989 102018 159118 96236 132110 195443 88306 116157 7322 174168 51398 59409 41172 175127 77159 76398 76698 28664 56089 116567 135642 31975 176856 106203 157974 124989 124976 98766 185067 117474 109484 7596 71965 67186 13502 14212 55301 101384 51891 162041 44695 19207 55195 159855 40617 85084 56475 161600 21159 67087 96072 16090 50428 10241 39674 106165 153810 59997 170219 182268 135912 106999 125697 199299 58675 48713 148840 136658 67752 169042 9567 41405 53232 95733 31637 155882 45620 142431 162341 107405 156578 58176 87532 197342 127223 129920 174279 11792 149654 164452 112853 118470 152921 171074 132348 91779
200
131073 65537 131073 65537 131073 65537 65537 65537 65537 131073 65537 131073 131073 65537 131073 131073 131073 65537 65537 65537 65537 65537 65537 65537 65537 65537 131073 131073 131073 65537 65537 65537 65537 131073 65537 131073 65537 65537 65537 65537 131073 131073 131073 65537 131073 65537 131073 131073 65537 131073 65537 65537 131073 65537 65537 65537 131073 65537 65537 65537 131073 65537 65537 131073 65537 65537 65537 131073 65537 131073 65537 65537 65537 131073 131073 65537 131073 65537 65537 131073 65537 131073 131073 65537 65537 65537 65537 131073 131073 65537 131073 65537 131073 65537 131073 65537 131073 65537 65537 65537 131073 65537 131073 65537 131073 131073 131073 65537 65537 131073 131073 65537 131073 131073 65537 131073 131073 131073 131073 65537 65537 131073 65537 65537 131073 65537 65537 131073 131073 65537 131073 131073 65537 65537 131073 131073 131073 65537 131073 65537 131073 65537 65537 131073 131073 65537 65537 131073 131073 65537 65537 65537 131073 65537 65537 131073 131073 131073 131073 65537 131073 65537 131073 65537 131073 65537 65537 65537 65537 131073 65537 65537 65537 65537 131073 131073 65537 131073 65537 131073 131073 131073 65537 131073 131073 65537 65537 65537 131073 65537 131073 65537 65537 131073 65537 65537 131073 65537 65537 131073
200
0 0 0 0 0 0 0 0 0 0 0 0 0 0 0 0 0 0 0 0 0 0 0 0 0 0 0 0 0 0 0 0 0 0 0 0 0 0 0 0 0 0 0 0 0 0 0 0 0 0 0 0 0 0 0 0 0 0 0 0 0 0 0 0 0 0 0 0 0 0 0 0 0 0 0 0 0 0 0 0 0 0 0 0 0 0 0 0 0 0 0 0 0 0 0 0 0 0 0 0 68083 21537 149707 35089 86953 45904 80676 133812 133521 184549 183289 159095 194404 120704 65699 57800 84329 16230 129441 86663 106343 115935 55435 100951 198799 31458 44051 12849 189981 134349 125023 36262 11356 33671 143069 161874 6552 85395 125416 67589 139212 4834 64742 148777 112133 64387 143482 18056 66700 26760 181268 185752 178007 141653 104276 31069 170132 10893 186173 18593 62458 83689 60642 175512 153277 131698 66756 184571 30940 120052 60741 106291 167958 193486 57357 183223 25218 114233 144848 164826 52768 15958 138051 5180 88433 167285 191834 122560 96644 25301 20571 197647 101285 178250 20683 27767 123187 193628 115144 185436
200
197845 37174 194056 152012 106986 30458 144868 107093 40659 181588 47263 146248 13669 180612 134976 16017 16212 179442 51618 167490 77645 153137 137354 56620 145443 131560 123033 10312 57290 60088 39715 173634 108705 36458 119455 172943 137694 43581 155979 132963 101713 5465 16107 46198 58940 62162 49251 34309 147444 130579 145568 121431 95627 113631 115834 158262 17943 198994 156164 36276 64227 162546 28992 79280 121794 21092 154315 16896 101076 61424 82300 101886 34593 181332 186132 162190 167521 2675 178852 190253 33448 191329 150741 162991 125793 197563 90308 59537 117527 170031 35971 149550 194989 119385 10394 22152 181624 37283 9802 100276 101823 47131 100409 147589 62504 192574 85536 86806 69092 171789 116524 72519 14172 82630 74825 79325 124389 145414 30664 64714 90824 110846 143245 193908 143299 15904 28926 49729 169936 112670 187757 114186 185193 72392 114199 18735 46219 29181 138325 21151 39012 162898 15654 94610 117604 79346 46648 62331 46686 153296 77300 180039 155975 191270 126237 6573 30456 24093 191574 143318 119810 153695 75541 125017 176944 49550 34256 26647 80304 133507 172300 130824 28509 65423 108079 20918 69351 53249 33561 154080 103896 104444 37843 154123 116762 130737 4084 186929 134582 79025 74688 42923 24483 128217 18917 16068 27673 19537 66422 51887
200
10815 28980 39480 26040 4935 31710 14070 45885 23484 62928 85728 56544 10716 68856 30552 99636 42745 114540 156040 102920 19505 125330 55610 181355 30385 81420 110920 73160 13865 89090 39530 128915 11330 30360 41360 27280 5170 33220 14740 48070 2575 6900 9400 6200 1175 7550 3350 10925 41921 112332 153032 100936 19129 122914 54538 177859 28531 76452 104152 68696 13019 83654 37118 121049 105 228 415 295 110 25 407 277 103 276 376 248 47 302 134 437 140456 117387 147520 127170 63152 199297 69033 31819 176268 29432 199968 122931 124806 185248 23193 185455 95890 3910 42719 59641 169162 34195 158390 108600 111479 11647 56953 106347 4281 190368 181075 102129 80207 67068 116666 67833 197889 103363 104483 104899 167031 165156 72684 139997 147973 20003 53804 153539 142722 59761 147251 118350 18326 61555 174918 103795 40689 128158 168069 100717 14711 153548 146542 52399 47785 34332 184884 19957 163586 26251 42707 110923 95696 85396 182846 38034 62685 171625 162590 120327 188844 173357 1161 103227 154099 184994 4418 83971 12154 98255 143860 21391 14140 163225 44182 113873 197762 129605 190434 96125 138375 28159 132573 180523 48849 49256 118352 55832 40400 172893 193136 185890 125378 184970 100746 108108 102568 73058 165966 1245
200
0 0 0 0 0 0 0 0 0 0 0 0 0 0 0 0 0 0 0 0 0 0 0 0 0 0 0 0 0 0 0 0 0 0 0 0 0 0 0 0 0 0 0 0 0 0 0 0 0 0 0 0 0 0 0 0 0 0 0 0 0 0 0 0 0 0 0 0 0 0 0 0 0 0 0 0 0 0 0 0 0 0 0 0 0 0 0 0 0 0 0 0 0 0 0 0 0 0 0 0 0 0 0 0 0 0 0 0 0 0 0 0 0 0 0 0 0 0 0 0 0 0 0 0 0 0 0 0 0 0 0 0 0 0 0 0 0 0 0 0 0 0 0 0 0 0 0 0 0 0 0 0 0 0 0 0 0 0 0 0 0 0 0 0 0 0 0 0 0 0 0 0 0 0 0 0 0 0 0 0 0 0 0 0 0 0 0 0 0 0 0 0 0 0 0 0 0 0 0 0
200
186714 13236 181137 61045 22765 142825 165972 70164 42703 67791 91191 3569 197037 77307 60712 134582 149328 174000 61036 179989 9501 8671 170073 48433 72430 105806 34092 120942 194524 124668 6132 48271 128757 159920 43806 76899 94866 107142 179527 32055 72226 192853 196314 96510 660 132480 71878 58277 172303 155972 111237 52524 58964 65574 56848 115110 192399 186342 172323 178480 10686 34935 91727 20553 148836 116797 182391 129043 35223 53809 181011 82123 161071 14171 16185 143817 112307 178384 59363 88274 84692 46605 131536 135006 191543 88762 15233 73734 147839 186712 33680 154878 190171 114452 169059 74092 127633 113016 51239 508 161630 24242 130641 123144 84207 103018 49449 93474 100321 70676 88652 76767 7094 155658 74256 180727 46966 99680 84188 101280 195496 23529 119588 62265 138999 75614 42647 123559 15748 1467 133515 99411 100548 190496 107780 153885 196651 52161 131868 6390 58007 63879 116078 101526 184318 169306 93983 140020 98380 67781 22158 19170 62867 199622 55243 134679 37684 103871 116882 182857 124830 138518 98260 60110 112360 23128 128134 155361 30398 195039 192326 31567 77861 68841 26251 13503 198385 3016 134614 76650 70522 80473 76622 173033 95860 6292 15802 70590 17788 198705 116431 180378 44026 130492 35883 53337 99729 100744 100373 110605
200
188566 110510 187162 93120 79364 108014 182947 15097 142549 18138 168671 147383 111600 707 11833 190580 47580 39176 109672 145869 71526 34425 129355 42764 62210 93828 40071 144092 112606 22134 157429 71487 195125 144392 164223 192874 94061 147314 86558 91413 33451 85235 68765 53975 30285 131868 16578 185846 162805 107861 11045 83478 153350 2067 180247 177430 37475 55921 130953 34191 48475 89810 3466 78665 169075 75982 129325 69232 18666 66707 67370 163536 89634 168337 150484 94793 177856 183460 110272 69152 140177 178255 186211 97966 106837 126780 172297 47897 119898 41197 106352 125572 189727 76626 161629 63572 175940 150679 48597 170110 151749 21209 61097 124488 105146 124796 68664 113294 180033 123844 57328 21532 173761 128366 190143 135894 12677 86271 114343 59882 100448 59131 77738 143378 50771 66170 165874 160014 69981 138754 100885 177769 122412 177278 87928 63543 50438 66048 177936 22333 26745 30312 25119 104061 47091 177794 162751 125469 85569 96421 188972 148716 63542 44477 135701 143726 108003 88165 72175 96817 91098 50641 80287 182928 138112 81282 56004 38251 95713 141616 72458 122180 46324 18325 28576 107787 40392 156300 6958 21818 144686 138478 79573 175694 178684 116170 95552 196022 180643 6185 156644 94760 144529 20326 141150 176486 46739 7251 107987 138432
200
0 0 0 0 0 0 0 0 0 0 0 0 0 0 0 0 0 0 0 0 0 0 0 0 0 0 0 0 0 0 0 0 0 0 0 0 0 0 0 0 0 0 0 0 0 0 0 0 0 0 0 0 0 0 0 0 0 0 0 0 0 0 0 0 0 0 0 0 0 0 0 0 0 0 0 0 0 0 0 0 0 0 0 0 0 0 0 0 0 0 0 0 0 0 0 0 0 0 0 0 66991 166642 71484 164565 138514 45828 167450 102792 85795 163212 175430 156883 183660 117470 111168 67127 116590 122619 27012 42607 118680 15855 148130 16624 6412 142324 93288 6040 72239 120975 89788 125109 20335 150584 68003 199578 133189 121158 49082 129136 148231 129260 182842 98342 6821 43465 157639 136462 96811 190105 87994 46520 52677 31488 53812 110031 152255 174295 7965 74599 100586 189068 77440 69581 175488 84896 96284 115198 28175 81327 3565 15008 18138 191991 111834 175317 177923 982 149079 98439 176262 175432 74541 136186 11167 31584 39511 59132 532 176712 198472 38698 122836 178421 87513 32 183290 62944 155423 98072
